The shape of image is: (257, 450, 3)
new :  [[[236 213 172]
  [232 213 171]
  [227 212 171]
  ...
  [186 213 204]
  [187 214 209]
  [187 214 209]]

 [[235 212 171]
  [231 212 170]
  [227 212 171]
  ...
  [184 211 202]
  [184 213 208]
  [184 213 208]]

 [[233 211 170]
  [230 211 171]
  [225 210 169]
  ...
  [181 211 201]
  [183 212 207]
  [183 212 207]]

 ...

 [[254 255 250]
  [254 255 250]
  [254 255 250]
  ...
  [255 255 255]
  [255 255 255]
  [255 255 255]]

 [[254 255 250]
  [254 255 250]
  [254 255 250]
  ...
  [255 255 255]
  [255 255 255]
  [255 255 255]]

 [[255 255 251]
  [255 255 251]
  [255 255 251]
  ...
  [255 255 255]
  [254 254 254]
  [254 254 254]]]
the shape is :  (257, 450, 3)
the shape is :  (257, 450, 3)
the shape is :  (257, 450, 3)
the shape is :  (257, 450, 3)
[[[19 42 83]
  [23 42 84]
  [28 43 84]
  ...
  [69 42 51]
  [68 41 46]
  [68 41 46]]

 [[20 43 84]
  [24 43 85]
  [28 43 84]
  ...
  [71 44 53]
  [71 42 47]
  [71 42 47]]

 [[22 44 85]
  [25 44 84]
  [30 45 86]
  ...
  [74 44 54]
  [72 43 48]
  [72 43 48]]

 ...

 [[ 1  0  5]
  [ 1  0  5]
  [ 1  0  5]
  ...
  [ 0  0  0]
  [ 0  0  0]
  [ 0  0  0]]

 [[ 1  0  5]
  [ 1  0  5]
  [ 1  0  5]
  ...
  [ 0  0  0]
  [ 0  0  0]
  [ 0  0  0]]

 [[ 0  0  4]
  [ 0  0  4]
  [ 0  0  4]
  ...
  [ 0  0  0]
  [ 1  1  1]
  [ 1  1  1]]]
[[48.         49.66666667 51.66666667 ... 54.         51.66666667
  51.66666667]
 [49.         50.66666667 51.66666667 ... 56.         53.33333333
  53.33333333]
 [50.33333333 51.         53.66666667 ... 57.33333333 54.33333333
  54.33333333]
 ...
 [ 2.          2.          2.         ...  0.          0.
   0.        ]
 [ 2.          2.          2.         ...  0.          0.
   0.        ]
 [ 1.33333333  1.33333333  1.33333333 ...  0.          1.
   1.        ]]
